Código CETIP	11C0035926
Código Mellon	666143
Emissão	3/24/2011
Vencimento	8/24/2026
Indexador	IPCA +
Taxa	0.095
PU	301066
Dias (juros)	30/360
Atraso AM (meses)	1
Atraso PMT (du)	0
AM Total	False


Data	Juros Incorp.	Amortização	Amortização Extr.
3/24/2011	0	0	0
4/24/2011	1	0	0
5/24/2011	0	0.014137	0
6/24/2011	0	0.014299	0
7/24/2011	0	0.012818	0
8/24/2011	0	0.012085	0
9/24/2011	0	0.012255	0
10/24/2011	0	0.012195	0
11/24/2011	0	0.012358	0
12/24/2011	0	0.011974	0
1/24/2012	0	0.013214	0
2/24/2012	0	0.012121	0
3/24/2012	0	0.012103	0
4/24/2012	0	0.009947	0
5/24/2012	0	0.008738	0
6/24/2012	0	0.008692	0
7/24/2012	0	0.0244996	0
8/24/2012	0	0.006934	0
9/24/2012	0	0.006966	0
10/24/2012	0	0.006971	0
11/24/2012	0	0.006741	0
12/24/2012	0	0.006753	0
1/24/2013	0	0.008544	0
2/24/2013	0	0.007762	0
3/24/2013	0	0.006959	0
4/24/2013	0	0.006131	0
5/24/2013	0	0.005697	0
6/24/2013	0	0.005734	0
7/24/2013	0	0.004522	0
8/24/2013	0	0.003639	0
9/24/2013	0	0.003916	0
10/24/2013	0	0.003677	0
11/24/2013	0	0.003793	0
12/24/2013	0	0.003837	0
1/24/2014	0	0.005414	0
2/24/2014	0	0.004846	0
3/24/2014	0	0.004603	0
4/24/2014	0	0.004444	0
5/24/2014	0	0.004338	0
6/24/2014	0	0.00436	0
7/24/2014	0	0.004487	0
8/24/2014	0	0.004617	0
9/24/2014	0	0.004749	0
10/24/2014	0	0.004741	0
11/24/2014	0	0.004876	0
12/24/2014	0	0.004949	0
1/24/2015	0	0.006169	0
2/24/2015	0	0.00617	19063.736624
3/24/2015	0	0.005903	0
4/24/2015	0	0.005794	0
5/24/2015	0	0.00564	0
6/24/2015	0	0.005794	0
7/24/2015	0	0.005843	0
8/24/2015	0	0.006001	0
9/24/2015	0	0.006162	0
10/24/2015	0	0.006328	0
11/24/2015	0	0.006497	0
12/24/2015	0	0.00667	0
1/24/2016	0	0.007944	0
2/24/2016	0	0.007944	0
3/24/2016	0	0.007596	0
4/24/2016	0	0.007545	0
5/24/2016	0	0.007474	0
6/24/2016	0	0.0075	0
7/24/2016	0	0.007616	0
8/24/2016	0	0.007788	0
9/24/2016	0	0.008016	0
10/24/2016	0	0.008229	0
11/24/2016	0	0.008447	0
12/24/2016	0	0.008653	0
1/24/2017	0	0.010121	0
2/24/2017	0	0.009655	0
3/24/2017	0	0.009626	0
4/24/2017	0	0.009356	0
5/24/2017	0	0.009606	0
6/24/2017	0	0.009865	0
7/24/2017	0	0.010131	0
8/24/2017	0	0.010406	0
9/24/2017	0	0.01061	0
10/24/2017	0	0.0109	0
11/24/2017	0	0.011162	0
12/24/2017	0	0.01143	0
1/24/2018	0	0.013124	0
2/24/2018	0	0.012941	0
3/24/2018	0	0.012985	0
4/24/2018	0	0.012754	0
5/24/2018	0	0.01312	0
6/24/2018	0	0.0135	0
7/24/2018	0	0.013837	0
8/24/2018	0	0.014184	0
9/24/2018	0	0.014605	0
10/24/2018	0	0.015044	0
11/24/2018	0	0.015468	0
12/24/2018	0	0.015906	0
1/24/2019	0	0.018009	0
2/24/2019	0	0.017932	0
3/24/2019	0	0.018128	0
4/24/2019	0	0.017998	0
5/24/2019	0	0.018525	0
6/24/2019	0	0.019143	0
7/24/2019	0	0.019676	0
8/24/2019	0	0.020352	0
9/24/2019	0	0.020983	0
10/24/2019	0	0.021677	0
11/24/2019	0	0.022463	0
12/24/2019	0	0.023294	0
1/24/2020	0	0.026253	0
2/24/2020	0	0.026397	0
3/24/2020	0	0.026967	0
4/24/2020	0	0.02662	0
5/24/2020	0	0.026732	0
6/24/2020	0	0.026092	0
7/24/2020	0	0.026271	0
8/24/2020	0	0.02668	0
9/24/2020	0	0.0277	0
10/24/2020	0	0.028865	0
11/24/2020	0	0.030113	0
12/24/2020	0	0.031453	0
1/24/2021	0	0.035941	0
2/24/2021	0	0.036544	0
3/24/2021	0	0.03763	0
4/24/2021	0	0.038156	0
5/24/2021	0	0.040105	0
6/24/2021	0	0.042309	0
7/24/2021	0	0.044264	0
8/24/2021	0	0.046831	0
9/24/2021	0	0.049461	0
10/24/2021	0	0.052566	0
11/24/2021	0	0.056005	0
12/24/2021	0	0.060059	0
1/24/2022	0	0.06858	0
2/24/2022	0	0.072181	0
3/24/2022	0	0.06398	0
4/24/2022	0	0.068353	0
5/24/2022	0	0.073368	0
6/24/2022	0	0.079177	0
7/24/2022	0	0.085985	0
8/24/2022	0	0.094075	0
9/24/2022	0	0.103844	0
10/24/2022	0	0.115877	0
11/24/2022	0	0.131064	0
12/24/2022	0	0.150833	0
1/24/2023	0	0.177624	0
2/24/2023	0	0.215989	0
3/24/2023	0	0.275492	0
4/24/2023	0	0.253498	0
5/24/2023	0	0.509372	0
6/24/2023	0	0.923056	0
7/24/2023	0	0	0
8/24/2023	0	0	0
9/24/2023	0	0	0
10/24/2023	0	0	0
11/24/2023	0	0	0
12/24/2023	0	0	0
1/24/2024	0	0	0
2/24/2024	0	0	0
3/24/2024	0	0	0
4/24/2024	0	0	0
5/24/2024	0	0	0
6/24/2024	0	0	0
7/24/2024	0	0	0
8/24/2024	0	0	0
9/24/2024	0	0	0
10/24/2024	0	0	0
11/24/2024	0	0	0
12/24/2024	0	0	0
1/24/2025	0	0	0
2/24/2025	0	0	0
3/24/2025	0	0	0
4/24/2025	0	0	0
5/24/2025	0	0	0
6/24/2025	0	0	0
7/24/2025	0	0	0
8/24/2025	0	0	0
9/24/2025	0	0	0
10/24/2025	0	0	0
11/24/2025	0	0	0
12/24/2025	0	0	0
1/24/2026	0	0	0
2/24/2026	0	0	0
3/24/2026	0	0	0
4/24/2026	0	0	0
5/24/2026	0	0	0
6/24/2026	0	0	0
7/24/2026	0	0	0
8/24/2026	0	1	0

