Código CETIP	11D0025379
Código Mellon	674539
Emissão	4/18/2011
Vencimento	11/18/2021
Indexador	IPCA +
Taxa	0.105
PU	1018709
Dias (juros)	30/360
Atraso AM (meses)	2
Atraso PMT (du)	0
AM Total	False


Data	Juros Incorp.	Amortização	Amortização Extr.
4/18/2011	0	0	0
5/18/2011	1	0	0
6/18/2011	0	0.008286	0
7/18/2011	0	0.008005	0
8/18/2011	0	0.009897	0
9/18/2011	0	0.007917	0
10/18/2011	0	0.007576	0
11/18/2011	0	0.012461	0
12/18/2011	0	0.010449	0
1/18/2012	0	0.009718	0
2/18/2012	0	0.014775	0
3/18/2012	0	0.010894	0
4/18/2012	0	0.01061	0
5/18/2012	0	0.008694	0
6/18/2012	0	0.008843	0
7/18/2012	0	0.00897	0
8/18/2012	0	0.009109	0
9/18/2012	0	0.009288	0
10/18/2012	0	0.00942	0
11/18/2012	0	0.009678	0
12/18/2012	0	0.009734	0
1/18/2013	0	0.010843	0
2/18/2013	0	0.009859	0
3/18/2013	0	0.010137	0
4/18/2013	0	0.010197	0
5/18/2013	0	0.010264	0
6/18/2013	0	0.010422	0
7/18/2013	0	0.010609	0
8/18/2013	0	0.010787	0
9/18/2013	0	0.0109	0
10/18/2013	0	0.011106	0
11/18/2013	0	0.011259	0
12/18/2013	0	0.011498	0
1/18/2014	0	0.012782	0
2/18/2014	0	0.011696	0
3/18/2014	0	0.012034	0
4/18/2014	0	0.012253	0
5/18/2014	0	0.01229	0
6/18/2014	0	0.012547	0
7/18/2014	0	0.012784	0
8/18/2014	0	0.012879	0
9/18/2014	0	0.01308	0
10/18/2014	0	0.013338	0
11/18/2014	0	0.01371	0
12/18/2014	0	0.014059	0
1/18/2015	0	0.015407	0
2/18/2015	0	0.01435	0
3/18/2015	0	0.014779	0
4/18/2015	0	0.015028	0
5/18/2015	0	0.015116	0
6/18/2015	0	0.01529	0
7/18/2015	0	0.015613	0
8/18/2015	0	0.015828	0
9/18/2015	0	0.0162	0
10/18/2015	0	0.016439	0
11/18/2015	0	0.016816	0
12/18/2015	0	0.017183	0
1/18/2016	0	0.01884	0
2/18/2016	0	0.017567	0
3/18/2016	0	0.017996	0
4/18/2016	0	0.018208	0
5/18/2016	0	0.018038	0
6/18/2016	0	0.018401	0
7/18/2016	0	0.018807	0
8/18/2016	0	0.019253	0
9/18/2016	0	0.019557	0
10/18/2016	0	0.020043	0
11/18/2016	0	0.020704	0
12/18/2016	0	0.02118	0
1/18/2017	0	0.023494	0
2/18/2017	0	0.022108	0
3/18/2017	0	0.022936	0
4/18/2017	0	0.023276	0
5/18/2017	0	0.023341	0
6/18/2017	0	0.024029	0
7/18/2017	0	0.02453	0
8/18/2017	0	0.02512	0
9/18/2017	0	0.025863	0
10/18/2017	0	0.026541	0
11/18/2017	0	0.027753	0
12/18/2017	0	0.028586	0
1/18/2018	0	0.031799	0
2/18/2018	0	0.029923	0
3/18/2018	0	0.030907	0
4/18/2018	0	0.031883	0
5/18/2018	0	0.032093	0
6/18/2018	0	0.032932	0
7/18/2018	0	0.033755	0
8/18/2018	0	0.034805	0
9/18/2018	0	0.036046	0
10/18/2018	0	0.037073	0
11/18/2018	0	0.038634	0
12/18/2018	0	0.040046	0
1/18/2019	0	0.045065	0
2/18/2019	0	0.042837	0
3/18/2019	0	0.044852	0
4/18/2019	0	0.046434	0
5/18/2019	0	0.047656	0
6/18/2019	0	0.049187	0
7/18/2019	0	0.051195	0
8/18/2019	0	0.053496	0
9/18/2019	0	0.056109	0
10/18/2019	0	0.058964	0
11/18/2019	0	0.062411	0
12/18/2019	0	0.066609	0
1/18/2020	0	0.077382	0
2/18/2020	0	0.075959	0
3/18/2020	0	0.082871	0
4/18/2020	0	0.089236	0
5/18/2020	0	0.095883	0
6/18/2020	0	0.105406	0
7/18/2020	0	0.117516	0
8/18/2020	0	0.130983	0
9/18/2020	0	0.146243	0
10/18/2020	0	0.168231	0
11/18/2020	0	0.192383	0
12/18/2020	0	0.22118	0
1/18/2021	0	0.262014	0
2/18/2021	0	0.311067	0
3/18/2021	0	0.366825	0
4/18/2021	0	0.435098	0
5/18/2021	0	0.52241	0
6/18/2021	0	0.583968	0
7/18/2021	0	0.689399	0
8/18/2021	0	0.869813	0
9/18/2021	0	0.334115	0
10/18/2021	0	0.505953	0
11/18/2021	0	1	0

