Código CETIP	12F0028545
Código Mellon	826885
Emissão	6/15/2012
Vencimento	4/15/2023
Indexador	IPCA +
Taxa	0.12
PU	300675.442142
Dias (juros)	30/360
Atraso AM (meses)	3
Atraso PMT (du)	0
AM Total	False


Data	Juros Incorp.	Amortização	Amortização Extr.
6/15/2012	0	0	0
7/15/2012	1	0	0
8/15/2012	1	0	0
9/15/2012	0	0.0086970761	0
10/15/2012	0	0.0095038714	0
11/15/2012	0	0.0086546746	0
12/15/2012	0	0.0085982853	0
1/15/2013	0	0.0091274536	0
2/15/2013	0	0.0087557894	0
3/15/2013	0	0.0093116646	0
4/15/2013	0	0.0100460232	0
5/15/2013	0	0.0095190643	0
6/15/2013	0	0.0099771878	0
7/15/2013	0	0.0126611654	0
8/15/2013	0	0.0097292341	0
9/15/2013	0	0.0098425039	0
10/15/2013	0	0.0108829519	0
11/15/2013	0	0.0103896422	0
12/15/2013	0	0.0100415362	0
1/15/2014	0	0.0108507783	0
2/15/2014	0	0.0105650541	0
3/15/2014	0	0.0112407507	0
4/15/2014	0	0.0119421314	0
5/15/2014	0	0.0119868765	0
6/15/2014	0	0.0120453123	0
7/15/2014	0	0.0145684209	0
8/15/2014	0	0.0105689981	0
9/15/2014	0	0.0104136443	0
10/15/2014	0	0.0095557448	0
11/15/2014	0	0.0085006643	0
12/15/2014	0	0.0065886866	0
1/15/2015	0	0.0067845429	0
2/15/2015	0	0.0065087434	0
3/15/2015	0	0.0070752817	0
4/15/2015	0	0.0072584339	0
5/15/2015	0	0.007704417	0
6/15/2015	0	0.0080696411	0
7/15/2015	0	0.0110933614	0
8/15/2015	0	0.0076751451	0
9/15/2015	0	0.0076534597	0
10/15/2015	0	0.0079765703	0
11/15/2015	0	0.0073003286	0
12/15/2015	0	0.0070542785	0
1/15/2016	0	0.007817574	0
2/15/2016	0	0.0075290327	0
3/15/2016	0	0.0081345719	0
4/15/2016	0	0.0078788389	0
5/15/2016	0	0.0081904861	0
6/15/2016	0	0.0085606901	0
7/15/2016	0	0.011234365	0
8/15/2016	0	0.0076073306	0
9/15/2016	0	0.0073571346	0
10/15/2016	0	0.0079356087	0
11/15/2016	0	0.0073097253	0
12/15/2016	0	0.0068421857	0
1/15/2017	0	0.0077400477	0
2/15/2017	0	0.0073814336	0
3/15/2017	0	0.0079219078	0
4/15/2017	0	0.0082254173	0
5/15/2017	0	0.0086577508	0
6/15/2017	0	0.0088212595	0
7/15/2017	0	0.0119651121	0
8/15/2017	0	0.0075303788	0
9/15/2017	0	0.0078014038	0
10/15/2017	0	0.0080583754	0
11/15/2017	0	0.0077291043	0
12/15/2017	0	0.0075082963	0
1/15/2018	0	0.0084048008	0
2/15/2018	0	0.0078737666	0
3/15/2018	0	0.0086377007	0
4/15/2018	0	0.0087427484	0
5/15/2018	0	0.0095667965	0
6/15/2018	0	0.01003781	0
7/15/2018	0	0.0136470422	0
8/15/2018	0	0.0092013966	0
9/15/2018	0	0.0096912955	0
10/15/2018	0	0.0100306512	0
11/15/2018	0	0.0096918073	0
12/15/2018	0	0.0094817235	0
1/15/2019	0	0.0105337158	0
2/15/2019	0	0.010043051	0
3/15/2019	0	0.0109789765	0
4/15/2019	0	0.0111339278	0
5/15/2019	0	0.0120782293	0
6/15/2019	0	0.0125814711	0
7/15/2019	0	0.0168611392	0
8/15/2019	0	0.0118782744	0
9/15/2019	0	0.0124501482	0
10/15/2019	0	0.0128721177	0
11/15/2019	0	0.0124467198	0
12/15/2019	0	0.0120484366	0
1/15/2020	0	0.0133474726	0
2/15/2020	0	0.012660233	0
3/15/2020	0	0.0136818606	0
4/15/2020	0	0.0138398147	0
5/15/2020	0	0.0149868287	0
6/15/2020	0	0.0157387358	0
7/15/2020	0	0.0206807693	0
8/15/2020	0	0.0147550544	0
9/15/2020	0	0.0149727608	0
10/15/2020	0	0.0156256277	0
11/15/2020	0	0.0150785965	0
12/15/2020	0	0.0149203127	0
1/15/2021	0	0.0163392366	0
2/15/2021	0	0.0158282815	0
3/15/2021	0	0.0171383266	0
4/15/2021	0	0.0176623461	0
5/15/2021	0	0.0190382413	0
6/15/2021	0	0.020111922	0
7/15/2021	0	0.0262690011	0
8/15/2021	0	0.0194779176	0
9/15/2021	0	0.0201058177	0
10/15/2021	0	0.0209146124	0
11/15/2021	0	0.0206079686	0
12/15/2021	0	0.0204818401	0
1/15/2022	0	0.0223107251	0
2/15/2022	0	0.0217947159	0
3/15/2022	0	0.0236779779	0
4/15/2022	0	0.0245570635	0
5/15/2022	0	0.026615098	0
6/15/2022	0	0.0282689375	0
7/15/2022	0	0.0366217156	0
8/15/2022	0	0.0431782886	0
9/15/2022	0	0.0462154926	0
10/15/2022	0	0.1011034701	0
11/15/2022	0	0.1820607863	0
12/15/2022	0	0.2197770816	0
1/15/2023	0	0.2946759679	0
2/15/2023	0	0.4101067178	0
3/15/2023	0	0.7251821137	0
4/15/2023	0	1	0

