Código CETIP	12F0028370
Código Mellon	826777
Emissão	6/15/2012
Vencimento	10/15/2022
Indexador	IPCA +
Taxa	0.0875
PU	300675.442232
Dias (juros)	30/360
Atraso AM (meses)	3
Atraso PMT (du)	0
AM Total	False


Data	Juros Incorp.	Amortização	Amortização Extr.
6/15/2012	0	0	0
7/15/2012	1	0	0
8/15/2012	1	0	0
9/15/2012	0	0.0105578323	0
10/15/2012	0	0.0113719267	0
11/15/2012	0	0.0105830197	0
12/15/2012	0	0.0105625175	0
1/15/2013	0	0.0111126814	0
2/15/2013	0	0.0107864435	0
3/15/2013	0	0.0113664608	0
4/15/2013	0	0.0121241337	0
5/15/2013	0	0.0116470335	0
6/15/2013	0	0.0121379604	0
7/15/2013	0	0.0148263942	0
8/15/2013	0	0.0119770066	0
9/15/2013	0	0.0121324029	0
10/15/2013	0	0.0132097045	0
11/15/2013	0	0.012766497	0
12/15/2013	0	0.0124668862	0
1/15/2014	0	0.0133239334	0
2/15/2014	0	0.0130884871	0
3/15/2014	0	0.0138189767	0
4/15/2014	0	0.0145801869	0
5/15/2014	0	0.0146832061	0
6/15/2014	0	0.0148017843	0
7/15/2014	0	0.0174261599	0
8/15/2014	0	0.0134222388	0
9/15/2014	0	0.0133225957	0
10/15/2014	0	0.0125033296	0
11/15/2014	0	0.0114770538	0
12/15/2014	0	0.0095614596	0
1/15/2015	0	0.0098137485	0
2/15/2015	0	0.0095791518	0
3/15/2015	0	0.0102200692	0
4/15/2015	0	0.0104660009	0
5/15/2015	0	0.0109896864	0
6/15/2015	0	0.0114332166	0
7/15/2015	0	0.0146836762	0
8/15/2015	0	0.01114603	0
9/15/2015	0	0.0111867487	0
10/15/2015	0	0.0115960864	0
11/15/2015	0	0.0109410117	0
12/15/2015	0	0.0107429914	0
1/15/2016	0	0.0116315943	0
2/15/2016	0	0.0113914688	0
3/15/2016	0	0.0121208761	0
4/15/2016	0	0.0119192959	0
5/15/2016	0	0.0123378624	0
6/15/2016	0	0.0128260694	0
7/15/2016	0	0.0158635014	0
8/15/2016	0	0.011948078	0
9/15/2016	0	0.0117526538	0
10/15/2016	0	0.0124834442	0
11/15/2016	0	0.0118696449	0
12/15/2016	0	0.0114287742	0
1/15/2017	0	0.0125330491	0
2/15/2017	0	0.0122190755	0
3/15/2017	0	0.0129324828	0
4/15/2017	0	0.0133832286	0
5/15/2017	0	0.0139902968	0
6/15/2017	0	0.0142941831	0
7/15/2017	0	0.0180915495	0
8/15/2017	0	0.0130261241	0
9/15/2017	0	0.013458636	0
10/15/2017	0	0.0138820618	0
11/15/2017	0	0.0136110307	0
12/15/2017	0	0.0134679358	0
1/15/2018	0	0.0146785408	0
2/15/2018	0	0.0141687713	0
3/15/2018	0	0.0152420352	0
4/15/2018	0	0.0155211487	0
5/15/2018	0	0.0167019213	0
6/15/2018	0	0.017464492	0
7/15/2018	0	0.0222083582	0
8/15/2018	0	0.0167997479	0
9/15/2018	0	0.017612825	0
10/15/2018	0	0.0182506594	0
11/15/2018	0	0.0180199414	0
12/15/2018	0	0.0179557311	0
1/15/2019	0	0.0195678545	0
2/15/2019	0	0.0191553738	0
3/15/2019	0	0.020664162	0
4/15/2019	0	0.0211495069	0
5/15/2019	0	0.0227404945	0
6/15/2019	0	0.0237670101	0
7/15/2019	0	0.030156989	0
8/15/2019	0	0.0235409382	0
9/15/2019	0	0.0247334529	0
10/15/2019	0	0.0257516412	0
11/15/2019	0	0.0255532181	0
12/15/2019	0	0.0253919739	0
1/15/2020	0	0.0278170499	0
2/15/2020	0	0.0272716371	0
3/15/2020	0	0.0293918669	0
4/15/2020	0	0.0302333322	0
5/15/2020	0	0.0327253485	0
6/15/2020	0	0.0346973522	0
7/15/2020	0	0.0438483721	0
8/15/2020	0	0.0348485359	0
9/15/2020	0	0.0361038361	0
10/15/2020	0	0.0382251421	0
11/15/2020	0	0.0382796263	0
12/15/2020	0	0.0390734637	0
1/15/2021	0	0.0429783837	0
2/15/2021	0	0.0433534227	0
3/15/2021	0	0.0474839489	0
4/15/2021	0	0.0503268811	0
5/15/2021	0	0.0553049242	0
6/15/2021	0	0.0601329447	0
7/15/2021	0	0.0775539176	0
8/15/2021	0	0.0653015296	0
9/15/2021	0	0.0704912489	0
10/15/2021	0	0.0769255569	0
11/15/2021	0	0.0811209582	0
12/15/2021	0	0.0865314667	0
1/15/2022	0	0.099416625	0
2/15/2022	0	0.1066541046	0
3/15/2022	0	0.1249443969	0
4/15/2022	0	0.1441177794	0
5/15/2022	0	0.1756419012	0
6/15/2022	0	0.2185420879	0
7/15/2022	0	0.3355087952	0
8/15/2022	0	0.3862449509	0
9/15/2022	0	0.6414176147	0
10/15/2022	0	1	0

