Código CETIP	12J0017777
Código Mellon	866297
Emissão	10/10/2012
Vencimento	10/10/2021
Indexador	IPCA +
Taxa	0.09
PU	336076.57
Dias (juros)	30/360
Atraso AM (meses)	2
Atraso PMT (du)	0
AM Total	False


Data	Juros Incorp.	Amortização	Amortização Extr.
10/10/2012	0	0	0
11/10/2012	0	0.011147	0
12/10/2012	0	0.013242	0
1/10/2013	0	0.011316	0
2/10/2013	0	0.011124	0
3/10/2013	0	0.011015	0
4/10/2013	0	0.011086	0
5/10/2013	0	0.01126	0
6/10/2013	0	0.01119	0
7/10/2013	0	0.011414	0
8/10/2013	0	0.013495	0
9/10/2013	0	0.012916	0
10/10/2013	0	0.013506	0
11/10/2013	0	0.013006	0
12/10/2013	0	0.015145	0
1/10/2014	0	0.012383	0
2/10/2014	670.20283281002	0	0
3/10/2014	675.377381898223	0	0
4/10/2014	681.536603776574	0	0
5/10/2014	689.325283407024	0	0
6/10/2014	695.475672388316	0	0
7/10/2014	700.216582259176	0	0
8/10/2014	704.569199793398	0	0
9/10/2014	706.195767789196	0	0
10/10/2014	709.524528700805	0	0
11/10/2014	715.14369242267	0	0
12/10/2014	719.731903125919	0	0
1/10/2015	724.999175139536	0	0
2/10/2015	732.266628260271	0	0
3/10/2015	742.982717126352	0	0
4/10/2015	753.707117391453	0	0
5/10/2015	765.335202521687	0	0
6/10/2015	765.356446316547	0	0
7/10/2015	767.04583544724	0	0
8/10/2015	768.738953601604	0	0
9/10/2015	770.43580901592	0	0
10/10/2015	772.136409935827	0	0
11/10/2015	773.840764646396	0	0
12/10/2015	775.548881402409	0	0
1/10/2016	777.260768528144	0	0
2/10/2016	0	0.011238	0
3/10/2016	0	0.011447	0
4/10/2016	0	0.011663	0
5/10/2016	0	0.011886	0
6/10/2016	0	0.012116	0
7/10/2016	0	0.012353	0
8/10/2016	0	0.012597	0
9/10/2016	0	0.01285	0
10/10/2016	0	0.01311	0
11/10/2016	0	0.013381	0
12/10/2016	0	0.01366	0
1/10/2017	0	0.013949	0
2/10/2017	0	0.014249	0
3/10/2017	0	0.014559	0
4/10/2017	0	0.01488	0
5/10/2017	0	0.015214	0
6/10/2017	0	0.01556	0
7/10/2017	0	0.01592	0
8/10/2017	0	0.016294	0
9/10/2017	0	0.016684	0
10/10/2017	0	0.017089	0
11/10/2017	0	0.017511	0
12/10/2017	0	0.017952	0
1/10/2018	0	0.018412	0
2/10/2018	0	0.018892	0
3/10/2018	0	0.019395	0
4/10/2018	0	0.019921	0
5/10/2018	0	0.020472	0
6/10/2018	0	0.021051	0
7/10/2018	0	0.021659	0
8/10/2018	0	0.022298	0
9/10/2018	0	0.022971	0
10/10/2018	0	0.02368	0
11/10/2018	0	0.024429	0
12/10/2018	0	0.025221	0
1/10/2019	0	0.02606	0
2/10/2019	0	0.026951	0
3/10/2019	0	0.027897	0
4/10/2019	0	0.028904	0
5/10/2019	0	0.029979	0
6/10/2019	0	0.031128	0
7/10/2019	0	0.03236	0
8/10/2019	0	0.033683	0
9/10/2019	0	0.035108	0
10/10/2019	0	0.036648	0
11/10/2019	0	0.038316	0
12/10/2019	0	0.04013	0
1/10/2020	0	0.042109	0
2/10/2020	0	0.044277	0
3/10/2020	0	0.046663	0
4/10/2020	0	0.049299	0
5/10/2020	0	0.052229	0
6/10/2020	0	0.055505	0
7/10/2020	0	0.05919	0
8/10/2020	0	0.063368	0
9/10/2020	0	0.068142	0
10/10/2020	0	0.073652	0
11/10/2020	0	0.080081	0
12/10/2020	0	0.08768	0
1/10/2021	0	0.096799	0
2/10/2021	0	0.107946	0
3/10/2021	0	0.121881	0
4/10/2021	0	0.139798	0
5/10/2021	0	0.163689	0
6/10/2021	0	0.197138	0
7/10/2021	0	0.247313	0
8/10/2021	0	0.330942	0
9/10/2021	0	0.498205	0
10/10/2021	0	1	0

