Código CETIP	12J0017781
Código Mellon	866296
Emissão	10/10/2012
Vencimento	10/10/2021
Indexador	IPCA +
Taxa	0.15
PU	335293.17
Dias (juros)	30/360
Atraso AM (meses)	2
Atraso PMT (du)	0
AM Total	False


Data	Juros Incorp.	Amortização	Amortização Extr.
10/10/2012	0	0	0
11/10/2012	0	0.011147	0
12/10/2012	0	0.013242	0
1/10/2013	0	0.011316	0
2/10/2013	0	0.011124	0
3/10/2013	0	0.011015	0
4/10/2013	0	0.011086	0
5/10/2013	0	0.01126	0
6/10/2013	0	0.01119	0
7/10/2013	0	0.011414	0
8/10/2013	0	0.013495	0
9/10/2013	0	0.012916	0
10/10/2013	0	0.013506	0
11/10/2013	0	0.013006	0
12/10/2013	0	0.015145	0
1/10/2014	0	0.012383	0
2/10/2014	0.573193729481227	0	0
3/10/2014	0.573193729481227	0	0
4/10/2014	0.573193729481227	0	0
5/10/2014	0.573193729481227	0	0
6/10/2014	0.573193729481227	0	0
7/10/2014	0.573193729481227	0	0
8/10/2014	0.573193729481227	0	0
9/10/2014	0.573193729481227	0	0
10/10/2014	0.573193729481227	0	0
11/10/2014	0.573193729481227	0	0
12/10/2014	0.573193729481227	0	0
1/10/2015	0.573193729481227	0	0
2/10/2015	0.573193729481227	0	0
3/10/2015	0.573193729481227	0	0
4/10/2015	0.573193729481227	0	0
5/10/2015	0.573193729481227	0	0
6/10/2015	0.573193729481227	0	0
7/10/2015	0.573193729481227	0	0
8/10/2015	0.573193729481227	0	0
9/10/2015	0.573193729481227	0	0
10/10/2015	0.573193729481227	0	0
11/10/2015	0.573193729481227	0	0
12/10/2015	0.573193729481227	0	0
1/10/2016	0.573193729481227	0	0
2/10/2016	0	0.009496	0
3/10/2016	0	0.0097	0
4/10/2016	0	0.009909	0
5/10/2016	0	0.010126	0
6/10/2016	0	0.010349	0
7/10/2016	0	0.01058	0
8/10/2016	0	0.010818	0
9/10/2016	0	0.011065	0
10/10/2016	0	0.01132	0
11/10/2016	0	0.011583	0
12/10/2016	0	0.011856	0
1/10/2017	0	0.012139	0
2/10/2017	0	0.012432	0
3/10/2017	0	0.012736	0
4/10/2017	0	0.013052	0
5/10/2017	0	0.013379	0
6/10/2017	0	0.01372	0
7/10/2017	0	0.014073	0
8/10/2017	0	0.014442	0
9/10/2017	0	0.014825	0
10/10/2017	0	0.015224	0
11/10/2017	0	0.015641	0
12/10/2017	0	0.016075	0
1/10/2018	0	0.016529	0
2/10/2018	0	0.017004	0
3/10/2018	0	0.017501	0
4/10/2018	0	0.018021	0
5/10/2018	0	0.018567	0
6/10/2018	0	0.01914	0
7/10/2018	0	0.019742	0
8/10/2018	0	0.020375	0
9/10/2018	0	0.021043	0
10/10/2018	0	0.021747	0
11/10/2018	0	0.022491	0
12/10/2018	0	0.023278	0
1/10/2019	0	0.024112	0
2/10/2019	0	0.024997	0
3/10/2019	0	0.025938	0
4/10/2019	0	0.026941	0
5/10/2019	0	0.028011	0
6/10/2019	0	0.029156	0
7/10/2019	0	0.030383	0
8/10/2019	0	0.031703	0
9/10/2019	0	0.033124	0
10/10/2019	0	0.03466	0
11/10/2019	0	0.036325	0
12/10/2019	0	0.038136	0
1/10/2020	0	0.040113	0
2/10/2020	0	0.042279	0
3/10/2020	0	0.044662	0
4/10/2020	0	0.047298	0
5/10/2020	0	0.050227	0
6/10/2020	0	0.053503	0
7/10/2020	0	0.05719	0
8/10/2020	0	0.061369	0
9/10/2020	0	0.066148	0
10/10/2020	0	0.071663	0
11/10/2020	0	0.078099	0
12/10/2020	0	0.085708	0
1/10/2021	0	0.094841	0
2/10/2021	0	0.106006	0
3/10/2021	0	0.119964	0
4/10/2021	0	0.137914	0
5/10/2021	0	0.161852	0
6/10/2021	0	0.195369	0
7/10/2021	0	0.24565	0
8/10/2021	0	0.329459	0
9/10/2021	0	0.497088	0
10/10/2021	0	1	0

