Código CETIP	12L0023446
Código Mellon	895018
Data de Emissão	12/10/2012
Vencimento	12/10/2024
Indexador	IPCA +
Taxa	0.0695
PU	304419.65105882
Dias (juros)	30/360
Atraso AM (meses)	3
Atraso PMT (du)	0
AM Total	False


Data	Juros Incorp.	Amortização	Amortização Extr.
12/10/2012	0	0	0
1/10/2013	0	0.004529	0
2/10/2013	0	0.004575	0
3/10/2013	0	0.004622	0
4/10/2013	0	0.00467	0
5/10/2013	0	0.004718	0
6/10/2013	0	0.004767	0
7/10/2013	0	0.004817	0
8/10/2013	0	0.004867	0
9/10/2013	0	0.004918	0
10/10/2013	0	0.004971	0
11/10/2013	0	0.005023	0
12/10/2013	0	0.005077	0
1/10/2014	0	0.005132	0
2/10/2014	0	0.005187	0
3/10/2014	0	0.005244	0
4/10/2014	0	0.005301	0
5/10/2014	0	0.005359	0
6/10/2014	0	0.005418	0
7/10/2014	0	0.005478	0
8/10/2014	0	0.005539	0
9/10/2014	0	0.005601	0
10/10/2014	0	0.005665	0
11/10/2014	0	0.005729	0
12/10/2014	0	0.005794	0
1/10/2015	0	0.005861	0
2/10/2015	0	0.005928	0
3/10/2015	0	0.005997	0
4/10/2015	0	0.006067	0
5/10/2015	0	0.006139	0
6/10/2015	0	0.006211	0
7/10/2015	0	0.006285	0
8/10/2015	0	0.00636	0
9/10/2015	0	0.006437	0
10/10/2015	0	0.006515	0
11/10/2015	0	0.006595	0
12/10/2015	0	0.006676	0
1/10/2016	0	0.006758	0
2/10/2016	0	0.006843	0
3/10/2016	0	0.006929	0
4/10/2016	0	0.007016	0
5/10/2016	0	0.007105	0
6/10/2016	0	0.007196	0
7/10/2016	0	0.007289	0
8/10/2016	0	0.007384	0
9/10/2016	0	0.007481	0
10/10/2016	0	0.007579	0
11/10/2016	0	0.00768	0
12/10/2016	0	0.007783	0
1/10/2017	0	0.007888	0
2/10/2017	0	0.007996	0
3/10/2017	0	0.008105	0
4/10/2017	0	0.008217	0
5/10/2017	0	0.008332	0
6/10/2017	0	0.008449	0
7/10/2017	0	0.008569	0
8/10/2017	0	0.008692	0
9/10/2017	0	0.008817	0
10/10/2017	0	0.008946	0
11/10/2017	0	0.009077	0
12/10/2017	0	0.009212	0
1/10/2018	0	0.009349	0
2/10/2018	0	0.009491	0
3/10/2018	0	0.009635	0
4/10/2018	0	0.009784	0
5/10/2018	0	0.009936	0
6/10/2018	0	0.010092	0
7/10/2018	0	0.010252	0
8/10/2018	0	0.010417	0
9/10/2018	0	0.010585	0
10/10/2018	0	0.010759	0
11/10/2018	0	0.010937	0
12/10/2018	0	0.01112	0
1/10/2019	0	0.011308	0
2/10/2019	0	0.011502	0
3/10/2019	0	0.011701	0
4/10/2019	0	0.011906	0
5/10/2019	0	0.012117	0
6/10/2019	0	0.012334	0
7/10/2019	0	0.012559	0
8/10/2019	0	0.01279	0
9/10/2019	0	0.013028	0
10/10/2019	0	0.013274	0
11/10/2019	0	0.013528	0
12/10/2019	0	0.013791	0
1/10/2020	0	0.014062	0
2/10/2020	0	0.014343	0
3/10/2020	0	0.014633	0
4/10/2020	0	0.014934	0
5/10/2020	0	0.015246	0
6/10/2020	0	0.015569	0
7/10/2020	0	0.015904	0
8/10/2020	0	0.016252	0
9/10/2020	0	0.016613	0
10/10/2020	0	0.016988	0
11/10/2020	0	0.017379	0
12/10/2020	0	0.017786	0
1/10/2021	0	0.018209	0
2/10/2021	0	0.018651	0
3/10/2021	0	0.019113	0
4/10/2021	0	0.019594	0
5/10/2021	0	0.020098	0
6/10/2021	0	0.020626	0
7/10/2021	0	0.021178	0
8/10/2021	0	0.021758	0
9/10/2021	0	0.022367	0
10/10/2021	0	0.023007	0
11/10/2021	0	0.023681	0
12/10/2021	0	0.024392	0
1/10/2022	0	0.025142	0
2/10/2022	0	0.025935	0
3/10/2022	0	0.026775	0
4/10/2022	0	0.027666	0
5/10/2022	0	0.028613	0
6/10/2022	0	0.029622	0
7/10/2022	0	0.030697	0
8/10/2022	0	0.031847	0
9/10/2022	0	0.03308	0
10/10/2022	0	0.034404	0
11/10/2022	0	0.03583	0
12/10/2022	0	0.03737	0
1/10/2023	0	0.039038	0
2/10/2023	0	0.040852	0
3/10/2023	0	0.042832	0
4/10/2023	0	0.045	0
5/10/2023	0	0.047385	0
6/10/2023	0	0.050021	0
7/10/2023	0	0.052951	0
8/10/2023	0	0.056225	0
9/10/2023	0	0.059909	0
10/10/2023	0	0.064085	0
11/10/2023	0	0.068858	0
12/10/2023	0	0.074365	0
1/10/2024	0	0.08079	0
2/10/2024	0	0.088385	0
3/10/2024	0	0.097499	0
4/10/2024	0	0.108638	0
5/10/2024	0	0.122564	0
6/10/2024	0	0.140468	0
7/10/2024	0	0.164342	0
8/10/2024	0	0.197766	0
9/10/2024	0	0.247903	0
10/10/2024	0	0.331468	0
11/10/2024	0	0.498599	0
12/10/2024	0	1	0

