Código CETIP	13C0041677
Código Mellon	1270076
Data de Emissão	3/28/2013
Vencimento	2/28/2025
Indexador	IGPDI +
Taxa	0.148
PU	337647.47
Dias (juros)	30/360
Atraso AM (meses)	2
Atraso PMT (du)	0
AM Total	False


Data	Juros Incorp.	Amortização	Amortização Extr.
3/28/2013	0	0	0
4/28/2013	1	0	0
5/28/2013	0	0.0077206749	4081.54
6/28/2013	0	0.0076473874	3638.87
7/28/2013	0	0.0078358298	1206.34
8/28/2013	0	0.0079500254	1865.2
9/28/2013	0	0.0081133985	2084.13
10/28/2013	0	0.0083963508	2591.73
11/28/2013	0	0.0085478872	2183.36
12/28/2013	0	0.0087034886	1251.69
1/28/2014	0	0.0088633135	5640.11
2/28/2014	0	0.0090121161	447.42
3/28/2014	0	0.0090527797	5407.08
4/28/2014	0	0.0093511216	2615.78
5/28/2014	0	0.0094787396	874.13
6/28/2014	0	0.0097820145	2258.16
7/28/2014	0	0.0099530252	1024.51
8/28/2014	0	0.0101985641	1297.16
9/28/2014	0	0.0103011217	2150.65
10/28/2014	0	0.0107078221	536.44
11/28/2014	0	0.0110903297	1007.87
12/28/2014	0	0.0115374376	637.39
1/28/2015	0	0.0120182192	3943.78
2/28/2015	0	0.0123372119	1287.49
3/28/2015	0	0.0124793	2692.618
4/28/2015	0	0.0129036745	1550.536
5/28/2015	0	0.0131964318	273.6445
6/28/2015	0	0.012830157	0
7/28/2015	0	0.0125237917	0
8/28/2015	0	0.0123069413	0
9/28/2015	0	0.0123809786	0
10/28/2015	0	0.0127074419	0
11/28/2015	0	0.012958627	0
12/28/2015	0	0.0132124577	0
1/28/2016	0	0.0135164483	0
2/28/2016	0	0.0136720844	0
3/28/2016	0	0.0137788927	0
4/28/2016	0	0.0142014048	0
5/28/2016	0	0.0144238222	0
6/28/2016	0	0.0146160416	0
7/28/2016	0	0.0145419311	0
8/28/2016	0	0.0140850912	0
9/28/2016	0	0.0128213117	0
10/28/2016	0	0.0131748427	0
11/28/2016	0	0.0131623338	0
12/28/2016	0	0.0132579399	0
1/28/2017	0	0.013498763	0
2/28/2017	0	0.013774548	0
3/28/2017	0	0.0138103806	0
4/28/2017	0	0.0143318723	0
5/28/2017	0	0.0141651402	0
6/28/2017	0	0.0141699001	0
7/28/2017	0	0.0143984224	0
8/28/2017	0	0.0144458036	0
9/28/2017	0	0.0145436342	0
10/28/2017	0	0.0151033634	0
11/28/2017	0	0.015480401	0
12/28/2017	0	0.0158729326	0
1/28/2018	0	0.0161962526	0
2/28/2018	0	0.0164929342	0
3/28/2018	0	0.0166890491	0
4/28/2018	0	0.017376853	0
5/28/2018	0	0.017851882	0
6/28/2018	0	0.0178042926	0
7/28/2018	0	0.0173916866	0
8/28/2018	0	0.0178673848	0
9/28/2018	0	0.0177055068	0
10/28/2018	0	0.0183160062	0
11/28/2018	0	0.0184122684	0
12/28/2018	0	0.0189355551	0
1/28/2019	0	0.0191375431	0
2/28/2019	0	0.0195468902	0
3/28/2019	0	0.0198275353	0
4/28/2019	0	0.0207246897	0
5/28/2019	0	0.0212024075	0
6/28/2019	0	0.0215477993	0
7/28/2019	0	0.0221589228	0
8/28/2019	0	0.0227290597	0
9/28/2019	0	0.0231389084	0
10/28/2019	0	0.0241121634	0
11/28/2019	0	0.024897727	0
12/28/2019	0	0.0255981081	0
1/28/2020	0	0.0262894337	0
2/28/2020	0	0.0272553841	0
3/28/2020	0	0.0271150475	0
4/28/2020	0	0.02824156881	0
5/28/2020	0	0.0288080673	0
6/28/2020	0	0.0289413994	0
7/28/2020	0	0.0289765818	0
8/28/2020	0	0.0283833748	0
9/28/2020	0	0.0290193497	0
10/28/2020	0	0.0303715454	0
11/28/2020	0	0.031620034	0
12/28/2020	0	0.0329622951	0
1/28/2021	0	0.0342246261	0
2/28/2021	0	0.0356905043	0
3/28/2021	0	0.0367898498	0
4/28/2021	0	0.0391520903	0
5/28/2021	0	0.0410147096	0
6/28/2021	0	0.0416664885	0
7/28/2021	0	0.0437473863	0
8/28/2021	0	0.036240183	0
9/28/2021	0	0.0343109755	0
10/28/2021	0	0.0348456433	0
11/28/2021	0	0.0356042268	0
12/28/2021	0	0.0362331158	0
1/28/2022	0	0.0379518726	0
2/28/2022	0	0.0398231899	0
3/28/2022	0	0.040955105	0
4/28/2022	0	0.0440612097	0
5/28/2022	0	0.04652928	0
6/28/2022	0	0.0470722113	0
7/28/2022	0	0.0476050418	0
8/28/2022	0	0.0465865494	0
9/28/2022	0	0.045171522	0
10/28/2022	0	0.047333821	0
11/28/2022	0	0.0484107134	0
12/28/2022	0	0.0472348187	0
1/28/2023	0	0.0478677538	0
2/28/2023	0	0.0461185331	0
3/28/2023	0	0.0457252059	0
4/28/2023	0	0.0487776583	0
5/28/2023	0	0.0505911631	0
6/28/2023	0	0.0527461185	0
7/28/2023	0	0.0559601445	0
8/28/2023	0	0.0598398287	0
9/28/2023	0	0.0618713831	0
10/28/2023	0	0.0689145147	0
11/28/2023	0	0.0747176551	0
12/28/2023	0	0.0812019865	0
1/28/2024	0	0.0892172479	0
2/28/2024	0	0.0988863446	0
3/28/2024	0	0.1071295362	0
4/28/2024	0	0.1252098387	0
5/28/2024	0	0.1444897638	0
6/28/2024	0	0.1688045577	0
7/28/2024	0	0.2043552745	0
8/28/2024	0	0.2450860448	0
9/28/2024	0	0.3026421716	0
10/28/2024	0	0.4244056838	0
11/28/2024	0	0.5611044234	0
12/28/2024	0	0.7363698486	0
1/28/2025	0	0.9235226738	0
2/28/2025	0	1	0

