Código CETIP	13F0045984
Código Mellon	965272
Emissão	6/20/2013
Vencimento	6/20/2025
Indexador	IPCA +
Taxa	0.0695
PU	300530.50406504
Dias (juros)	30/360
Atraso AM (meses)	3
Atraso PMT (du)	0
AM Total	False


Data	Juros Incorp.	Amortização	Amortização Extr.
6/20/2013	0	0	0
7/20/2013	0	0.004529	0
8/20/2013	0	0.004575	0
9/20/2013	0	0.004622	0
10/20/2013	0	0.00467	0
11/20/2013	0	0.004718	0
12/20/2013	0	0.004767	0
1/20/2014	0	0.004817	0
2/20/2014	0	0.004867	0
3/20/2014	0	0.004919	0
4/20/2014	0	0.004971	0
5/20/2014	0	0.005023	0
6/20/2014	0	0.005077	0
7/20/2014	0	0.005132	0
8/20/2014	0	0.005187	0
9/20/2014	0	0.005244	0
10/20/2014	0	0.005301	0
11/20/2014	0	0.005359	0
12/20/2014	0	0.005418	0
1/20/2015	0	0.005478	0
2/20/2015	0	0.005539	0
3/20/2015	0	0.005601	0
4/20/2015	0	0.005665	0
5/20/2015	0	0.005729	0
6/20/2015	0	0.005794	0
7/20/2015	0	0.005861	0
8/20/2015	0	0.005928	0
9/20/2015	0	0.005997	0
10/20/2015	0	0.006067	0
11/20/2015	0	0.006139	0
12/20/2015	0	0.006211	0
1/20/2016	0	0.006285	0
2/20/2016	0	0.006361	0
3/20/2016	0	0.006437	0
4/20/2016	0	0.006515	0
5/20/2016	0	0.006595	0
6/20/2016	0	0.006676	0
7/20/2016	0	0.006758	0
8/20/2016	0	0.006843	0
9/20/2016	0	0.006929	0
10/20/2016	0	0.007016	0
11/20/2016	0	0.007105	0
12/20/2016	0	0.007196	0
1/20/2017	0	0.007289	0
2/20/2017	0	0.007384	0
3/20/2017	0	0.007481	0
4/20/2017	0	0.007579	0
5/20/2017	0	0.00768	0
6/20/2017	0	0.007783	0
7/20/2017	0	0.007888	0
8/20/2017	0	0.007996	0
9/20/2017	0	0.008105	0
10/20/2017	0	0.008217	0
11/20/2017	0	0.008332	0
12/20/2017	0	0.008449	0
1/20/2018	0	0.008569	0
2/20/2018	0	0.008692	0
3/20/2018	0	0.008817	0
4/20/2018	0	0.008946	0
5/20/2018	0	0.009077	0
6/20/2018	0	0.009212	0
7/20/2018	0	0.009349	0
8/20/2018	0	0.009491	0
9/20/2018	0	0.009635	0
10/20/2018	0	0.009784	0
11/20/2018	0	0.009936	0
12/20/2018	0	0.010092	0
1/20/2019	0	0.010252	0
2/20/2019	0	0.010417	0
3/20/2019	0	0.010585	0
4/20/2019	0	0.010759	0
5/20/2019	0	0.010937	0
6/20/2019	0	0.01112	0
7/20/2019	0	0.011308	0
8/20/2019	0	0.011502	0
9/20/2019	0	0.011701	0
10/20/2019	0	0.011906	0
11/20/2019	0	0.012117	0
12/20/2019	0	0.012334	0
1/20/2020	0	0.012559	0
2/20/2020	0	0.01279	0
3/20/2020	0	0.013028	0
4/20/2020	0	0.013274	0
5/20/2020	0	0.013528	0
6/20/2020	0	0.013791	0
7/20/2020	0	0.014062	0
8/20/2020	0	0.014343	0
9/20/2020	0	0.014634	0
10/20/2020	0	0.014934	0
11/20/2020	0	0.015246	0
12/20/2020	0	0.015569	0
1/20/2021	0	0.015904	0
2/20/2021	0	0.016252	0
3/20/2021	0	0.016613	0
4/20/2021	0	0.016988	0
5/20/2021	0	0.017379	0
6/20/2021	0	0.017786	0
7/20/2021	0	0.01821	0
8/20/2021	0	0.018651	0
9/20/2021	0	0.019113	0
10/20/2021	0	0.019595	0
11/20/2021	0	0.020098	0
12/20/2021	0	0.020626	0
1/20/2022	0	0.021179	0
2/20/2022	0	0.021758	0
3/20/2022	0	0.022367	0
4/20/2022	0	0.023007	0
5/20/2022	0	0.023681	0
6/20/2022	0	0.024392	0
7/20/2022	0	0.025142	0
8/20/2022	0	0.025936	0
9/20/2022	0	0.026776	0
10/20/2022	0	0.027667	0
11/20/2022	0	0.028614	0
12/20/2022	0	0.029622	0
1/20/2023	0	0.030698	0
2/20/2023	0	0.031848	0
3/20/2023	0	0.03308	0
4/20/2023	0	0.034404	0
5/20/2023	0	0.03583	0
6/20/2023	0	0.037371	0
7/20/2023	0	0.039039	0
8/20/2023	0	0.040853	0
9/20/2023	0	0.042833	0
10/20/2023	0	0.045001	0
11/20/2023	0	0.047386	0
12/20/2023	0	0.050022	0
1/20/2024	0	0.052952	0
2/20/2024	0	0.056227	0
3/20/2024	0	0.059911	0
4/20/2024	0	0.064087	0
5/20/2024	0	0.06886	0
6/20/2024	0	0.074368	0
7/20/2024	0	0.080794	0
8/20/2024	0	0.08839	0
9/20/2024	0	0.097504	0
10/20/2024	0	0.108645	0
11/20/2024	0	0.122572	0
12/20/2024	0	0.10048	0
1/20/2025	0	0.164358	0
2/20/2025	0	0.197789	0
3/20/2025	0	0.24794	0
4/20/2025	0	0.331533	0
5/20/2025	0	0.498746	0
6/20/2025	0	1	0

