Código CETIP	13G0080754
Código Mellon	1369760
Data de Emissão	7/5/2013
Vencimento	7/5/2025
Indexador	IGPDI +
Taxa	0.09
PU	1000000
Dias (juros)	30/360
Atraso AM (meses)	2
Atraso PMT (du)	0
AM Total	False


Data	Juros Incorp.	Amortização	Amortização Extr.
7/5/2013	0	0	0
8/5/2013	1	0	0
9/5/2013	1	0	0
10/5/2013	1	0	0
11/5/2013	1	0	0
12/5/2013	1	0	0
1/5/2014	1	0	0
2/5/2014	0	0.0009519976	0
3/5/2014	0	0.0009597121	0
4/5/2014	0	0.0009675576	0
5/5/2014	0	0.000975475	0
6/5/2014	0	0.0009834649	0
7/5/2014	0	0.0009915281	0
8/5/2014	0	0.0009996656	0
9/5/2014	0	0.0010078781	0
10/5/2014	0	0.0010161663	0
11/5/2014	0	0.0010245313	0
12/5/2014	0	0.0010329737	0
1/5/2015	0	0.0051659035	0
2/5/2015	0	0.0018053416	0
3/5/2015	0	0.001821642	0
4/5/2015	0	0.0018381195	0
5/5/2015	0	0.0018547767	0
6/5/2015	0	0.0018716161	0
7/5/2015	0	0.0018886403	0
8/5/2015	0	0.0019058518	0
9/5/2015	0	0.0019232533	0
10/5/2015	0	0.0019408476	0
11/5/2015	0	0.0019586379	0
12/5/2015	0	0.0019766253	0
1/5/2016	0	0.0065958835	0
2/5/2016	0	0.0027969727	0
3/5/2016	0	0.002825033	0
4/5/2016	0	0.002853455	0
5/5/2016	0	0.0028822451	0
6/5/2016	0	0.0029114098	0
7/5/2016	0	0.0029409556	0
8/5/2016	0	0.0029708893	0
9/5/2016	0	0.0030012177	0
10/5/2016	0	0.003031948	0
11/5/2016	0	0.0030630873	0
12/5/2016	0	0.0030946432	0
1/5/2017	0	0.0082935962	0
2/5/2017	0	0.0061582612	0
3/5/2017	0	0.00624108	0
4/5/2017	0	0.0063255396	0
5/5/2017	0	0.0064116872	0
6/5/2017	0	0.0064995715	0
7/5/2017	0	0.0065892433	0
8/5/2017	0	0.0066807553	0
9/5/2017	0	0.0067741621	0
10/5/2017	0	0.00686951	0
11/5/2017	0	0.006966891	0
12/5/2017	0	0.007066314	0
1/5/2018	0	0.0143555331	0
2/5/2018	0	0.0073772841	0
3/5/2018	0	0.0074856785	0
4/5/2018	0	0.0075964952	0
5/5/2018	0	0.0077098131	0
6/5/2018	0	0.007825715	0
7/5/2018	0	0.0079442872	0
8/5/2018	0	0.0080656199	0
9/5/2018	0	0.0081898073	0
10/5/2018	0	0.0083159481	0
11/5/2018	0	0.0084471455	0
12/5/2018	0	0.0085808276	0
1/5/2019	0	0.0166793831	0
2/5/2019	0	0.0089872633	0
3/5/2019	0	0.0091341283	0
4/5/2019	0	0.0092847692	0
5/5/2019	0	0.0094393295	0
6/5/2019	0	0.009597908	0
7/5/2019	0	0.0097608197	0
8/5/2019	0	0.0099280752	0
9/5/2019	0	0.0100999026	0
10/5/2019	0	0.0102764874	0
11/5/2019	0	0.0104580252	0
12/5/2019	0	0.0106447223	0
1/5/2020	0	0.0198588571	0
2/5/2020	0	0.0112023929	0
3/5/2020	0	0.0114109622	0
4/5/2020	0	0.0116258671	0
5/5/2020	0	0.0118473947	0
6/5/2020	0	0.01207585	0
7/5/2020	0	0.0123115571	0
8/5/2020	0	0.012554	0
9/5/2020	0	0.0128061264	0
10/5/2020	0	0.0130657459	0
11/5/2020	0	0.0133341354	0
12/5/2020	0	0.0136117396	0
1/5/2021	0	0.0244522125	0
2/5/2021	0	0.014428067	0
3/5/2021	0	0.0147447936	0
4/5/2021	0	0.0150733171	0
5/5/2021	0	0.0154143	0
6/5/2021	0	0.0157684555	0
7/5/2021	0	0.0161365524	0
8/5/2021	0	0.0165194203	0
9/5/2021	0	0.0169179559	0
10/5/2021	0	0.0173331302	0
11/5/2021	0	0.017765996	0
12/5/2021	0	0.0182176959	0
1/5/2022	0	0.031637877	0
2/5/2022	0	0.0195355651	0
3/5/2022	0	0.020068412	0
4/5/2022	0	0.0206270027	0
5/5/2022	0	0.0212132336	0
6/5/2022	0	0.021829192	0
7/5/2022	0	0.0224771807	0
8/5/2022	0	0.0231597469	0
9/5/2022	0	0.0238797148	0
10/5/2022	0	0.0246402252	0
11/5/2022	0	0.0254447804	0
12/5/2022	0	0.0262972981	0
1/5/2023	0	0.0444069241	0
2/5/2023	0	0.0288012028	0
3/5/2023	0	0.0298690469	0
4/5/2023	0	0.0310105792	0
5/5/2023	0	0.0322336672	0
6/5/2023	0	0.0335473394	0
7/5/2023	0	0.0349620083	0
8/5/2023	0	0.0364897456	0
9/5/2023	0	0.0381446267	0
10/5/2023	0	0.0399431645	0
11/5/2023	0	0.0419048605	0
12/5/2023	0	0.0440529136	0
1/5/2024	0	0.0732263707	0
2/5/2024	0	0.0506519651	0
3/5/2024	0	0.053739017	0
4/5/2024	0	0.0572002147	0
5/5/2024	0	0.0611078578	0
6/5/2024	0	0.0655541559	0
7/5/2024	0	0.0706585902	0
8/5/2024	0	0.0765787995	0
9/5/2024	0	0.0835271354	0
10/5/2024	0	0.091796654	0
11/5/2024	0	0.1018034811	0
12/5/2024	0	0.1141589948	0
1/5/2025	0	0.1983080066	0
2/5/2025	0	0.1636887731	0
3/5/2025	0	0.1971377709	0
4/5/2025	0	0.2473134235	0
5/5/2025	0	0.3309423857	0
6/5/2025	0	0.4982046201	0
7/5/2025	0	1	0

