Código CETIP	13J0067805
Código Mellon	1020117
Emissão	10/20/2013
Vencimento	10/20/2023
Indexador	IGPDI +
Taxa	0.08946
PU	300262.43
Dias (juros)	30/360
Atraso AM (meses)	2
Atraso PMT (du)	0
AM Total	False


Data	Juros Incorp.	Amortização	Amortização Extr.
10/30/2013	0	0	0
11/20/2013	1	0	0
12/20/2013	1	0	0
1/20/2014	0	0.043256	8824.67
2/20/2014	0	0.016223	4233.49684123
3/20/2014	0	0.013995	1694.21890649
4/20/2014	0	0.017683	292.22135026
5/20/2014	0	0.016825	1168.6058949
6/20/2014	0	0.016543	3033.03
7/20/2014	0	0.03178	2271.54
8/20/2014	0	0.030639	1556.65
9/20/2014	0	0.021577	1957.59
10/20/2014	0	0.028493	1612.98
11/20/2014	0	0.017375	2259.71
12/20/2014	0	0.017368	1652.45
1/20/2015	0	0.022636	1842.96
2/20/2015	0	0.016698	325.06
3/20/2015	0	0.017197	1086.7355625
4/20/2015	0	0.021346	1745.1853125
5/20/2015	0	0.032537	972.780125
6/20/2015	0	0.021284	884.254375
7/20/2015	0	0.021288	0
8/20/2015	0	0.030141	0
9/20/2015	0	0.019855	0
10/20/2015	0	0.019218	0
11/20/2015	0	0.017892	0
12/20/2015	0	0.019349	0
1/20/2016	0	0.021091	0
2/20/2016	0	0.018282	0
3/20/2016	0	0.019143	0
4/20/2016	0	0.051161	0
5/20/2016	0	0.017431	0
6/20/2016	0	0.022199	0
7/20/2016	0	0.022545	0
8/20/2016	0	0.037698	0
9/20/2016	0	0.022308	0
10/20/2016	0	0.05139	0
11/20/2016	0	0.019247	0
12/20/2016	0	0.021439	0
1/20/2017	0	0.022597	0
2/20/2017	0	0.018474	0
3/20/2017	0	0.027931	0
4/20/2017	0	0.020683	0
5/20/2017	0	0.018681	0
6/20/2017	0	0.022773	0
7/20/2017	0	0.021862	0
8/20/2017	0	0.034045	0
9/20/2017	0	0.021321	0
10/20/2017	0	0.020612	0
11/20/2017	0	0.022008	0
12/20/2017	0	0.024312	0
1/20/2018	0	0.025539	0
2/20/2018	0	0.020443	0
3/20/2018	0	0.023087	0
4/20/2018	0	0.022787	0
5/20/2018	0	0.02158	0
6/20/2018	0	0.02631	0
7/20/2018	0	0.026615	0
8/20/2018	0	0.043358	0
9/20/2018	0	0.026649	0
10/20/2018	0	0.026082	0
11/20/2018	0	0.025812	0
12/20/2018	0	0.028259	0
1/20/2019	0	0.03011	0
2/20/2019	0	0.021221	0
3/20/2019	0	0.022111	0
4/20/2019	0	0.021242	0
5/20/2019	0	0.019572	0
6/20/2019	0	0.025709	0
7/20/2019	0	0.026343	0
8/20/2019	0	0.023637	0
9/20/2019	0	0.026092	0
10/20/2019	0	0.025969	0
11/20/2019	0	0.024747	0
12/20/2019	0	0.026762	0
1/20/2020	0	0.03244	0
2/20/2020	0	0.026874	0
3/20/2020	0	0.03055	0
4/20/2020	0	0.029113	0
5/20/2020	0	0.027436	0
6/20/2020	0	0.036244	0
7/20/2020	0	0.035863	0
8/20/2020	0	0.033206	0
9/20/2020	0	0.03534	0
10/20/2020	0	0.038428	0
11/20/2020	0	0.035973	0
12/20/2020	0	0.041304	0
1/20/2021	0	0.048221	0
2/20/2021	0	0.041144	0
3/20/2021	0	0.047158	0
4/20/2021	0	0.045155	0
5/20/2021	0	0.041718	0
6/20/2021	0	0.055404	0
7/20/2021	0	0.055317	0
8/20/2021	0	0.052535	0
9/20/2021	0	0.055829	0
10/20/2021	0	0.060848	0
11/20/2021	0	0.058099	0
12/20/2021	0	0.059285	0
1/20/2022	0	0.076821	0
2/20/2022	0	0.068225	0
3/20/2022	0	0.079234	0
4/20/2022	0	0.073085	0
5/20/2022	0	0.069819	0
6/20/2022	0	0.103231	0
7/20/2022	0	0.090359	0
8/20/2022	0	0.097307	0
9/20/2022	0	0.087155	0
10/20/2022	0	0.116191	0
11/20/2022	0	0.106254	0
12/20/2022	0	0.092056	0
1/20/2023	0	0.147277	0
2/20/2023	0	0.146919	0
3/20/2023	0	0.128565	0
4/20/2023	0	0.151991	0
5/20/2023	0	0.172793	0
6/20/2023	0	0.291473	0
7/20/2023	0	0.353989	0
8/20/2023	0	0.296965	0
9/20/2023	0	0.409595	0
10/20/2023	0	1	0

