Código CETIP	14F0696522
Código Mellon	1118605
Data de Emissão	6/20/2014
Vencimento	6/20/2026
Indexador	IGPDI +
Taxa	0.1506
PU	333711.04
Dias (juros)	30/360
Atraso AM (meses)	2
Atraso PMT (du)	0
AM Total	False


Data	Juros Incorp.	Amortização	Amortização Extr.
6/20/2014	0	0	0
7/20/2014	0	0.001558	0
8/20/2014	0	0.001575	0
9/20/2014	0	0.001593	0
10/20/2014	0	0.00161	0
11/20/2014	0	0.001628	0
12/20/2014	0	0.001646	0
1/20/2015	0	0.00895	0
2/20/2015	0	0.002275	0
3/20/2015	0	0.002302	0
4/20/2015	0	0.002329	0
5/20/2015	0	0.002357	0
6/20/2015	0	0.002385	0
7/20/2015	0	0.002413	0
8/20/2015	0	0.002442	0
9/20/2015	0	0.002471	0
10/20/2015	0	0.002501	0
11/20/2015	0	0.002531	0
12/20/2015	0	0.002562	0
1/20/2016	0	0.010534	0
2/20/2016	0	0.003252	0
3/20/2016	0	0.003293	0
4/20/2016	0	0.003335	0
5/20/2016	0	0.003378	0
6/20/2016	0	0.003422	0
7/20/2016	0	0.003466	0
8/20/2016	0	0.003511	0
9/20/2016	0	0.003557	0
10/20/2016	0	0.003604	0
11/20/2016	0	0.003651	0
12/20/2016	0	0.003699	0
1/20/2017	0	0.012501	0
2/20/2017	0	0.00431	0
3/20/2017	0	0.00437	0
4/20/2017	0	0.004431	0
5/20/2017	0	0.004493	0
6/20/2017	0	0.004556	0
7/20/2017	0	0.00462	0
8/20/2017	0	0.004686	0
9/20/2017	0	0.004753	0
10/20/2017	0	0.004821	0
11/20/2017	0	0.00489	0
12/20/2017	0	0.004961	0
1/20/2018	0	0.014671	0
2/20/2018	0	0.004885	0
3/20/2018	0	0.004956	0
4/20/2018	0	0.005028	0
5/20/2018	0	0.005101	0
6/20/2018	0	0.005176	0
7/20/2018	0	0.005252	0
8/20/2018	0	0.00533	0
9/20/2018	0	0.00541	0
10/20/2018	0	0.005491	0
11/20/2018	0	0.005574	0
12/20/2018	0	0.005658	0
1/20/2019	0	0.015822	0
2/20/2019	0	0.006108	0
3/20/2019	0	0.006203	0
4/20/2019	0	0.006301	0
5/20/2019	0	0.006402	0
6/20/2019	0	0.006504	0
7/20/2019	0	0.006609	0
8/20/2019	0	0.006716	0
9/20/2019	0	0.006825	0
10/20/2019	0	0.006937	0
11/20/2019	0	0.007052	0
12/20/2019	0	0.00717	0
1/20/2020	0	0.018402	0
2/20/2020	0	0.00772	0
3/20/2020	0	0.007854	0
4/20/2020	0	0.007991	0
5/20/2020	0	0.008132	0
6/20/2020	0	0.008277	0
7/20/2020	0	0.008425	0
8/20/2020	0	0.008577	0
9/20/2020	0	0.008734	0
10/20/2020	0	0.008894	0
11/20/2020	0	0.009059	0
12/20/2020	0	0.009229	0
1/20/2021	0	0.021925	0
2/20/2021	0	0.009987	0
3/20/2021	0	0.010183	0
4/20/2021	0	0.010386	0
5/20/2021	0	0.010594	0
6/20/2021	0	0.010809	0
7/20/2021	0	0.011031	0
8/20/2021	0	0.01126	0
9/20/2021	0	0.011496	0
10/20/2021	0	0.01174	0
11/20/2021	0	0.011993	0
12/20/2021	0	0.012253	0
1/20/2022	0	0.027129	0
2/20/2022	0	0.013305	0
3/20/2022	0	0.013613	0
4/20/2022	0	0.013932	0
5/20/2022	0	0.014263	0
6/20/2022	0	0.014606	0
7/20/2022	0	0.014963	0
8/20/2022	0	0.045335	0
9/20/2022	0	0.015721	0
10/20/2022	0	0.016124	0
11/20/2022	0	0.016544	0
12/20/2022	0	0.016982	0
1/20/2023	0	0.035324	0
2/20/2023	0	0.018676	0
3/20/2023	0	0.019212	0
4/20/2023	0	0.019775	0
5/20/2023	0	0.020365	0
6/20/2023	0	0.020986	0
7/20/2023	0	0.021639	0
8/20/2023	0	0.022327	0
9/20/2023	0	0.023054	0
10/20/2023	0	0.023822	0
11/20/2023	0	0.024635	0
12/20/2023	0	0.025497	0
1/20/2024	0	0.050284	0
2/20/2024	0	0.028429	0
3/20/2024	0	0.029539	0
4/20/2024	0	0.030727	0
5/20/2024	0	0.032002	0
6/20/2024	0	0.033373	0
7/20/2024	0	0.034853	0
8/20/2024	0	0.036454	0
9/20/2024	0	0.038193	0
10/20/2024	0	0.040086	0
11/20/2024	0	0.042156	0
12/20/2024	0	0.044429	0
1/20/2025	0	0.08447	0
2/20/2025	0	0.052142	0
3/20/2025	0	0.055533	0
4/20/2025	0	0.059356	0
5/20/2025	0	0.0637	0
6/20/2025	0	0.06868	0
7/20/2025	0	0.074444	0
8/20/2025	0	0.081196	0
9/20/2025	0	0.089209	0
10/20/2025	0	0.098877	0
11/20/2025	0	0.110767	0
12/20/2025	0	0.125747	0
1/20/2026	0	0.248096	0
2/20/2026	0	0.19624	0
3/20/2026	0	0.246469	0
4/20/2026	0	0.33019	0
5/20/2026	0	0.497639	0
6/20/2026	0	1	0

