Código CETIP	CLND11
Código Mellon	
Data de Emissão	6/23/2015
Vencimento	4/28/2025
Indexador	CDI +
Taxa	0.045
PU	100000
Dias (juros)	Úteis
Atraso AM (meses)	0
Atraso PMT (du)	0
AM Total	False


Data	Juros Incorp.	Amortização	Amortização Extr.
6/23/2015	0	0	0
6/29/2015	0	0.008333	0
7/28/2015	0	0.008333	0
8/28/2015	0	0.008333	0
9/28/2015	0	0.008333	0
10/28/2015	0	0.008333	0
11/30/2015	0	0.008333	0
12/28/2015	0	0.008333	0
1/28/2016	0	0.008333	0
2/29/2016	0	0.008333	0
3/28/2016	0	0.008333	0
4/28/2016	0	0.008333	0
5/30/2016	0	0.008333	0
6/28/2016	0	0.008333	0
7/28/2016	0	0.008333	0
8/29/2016	0	0.008333	0
9/28/2016	0	0.008333	0
10/28/2016	0	0.008333	0
11/28/2016	0	0.008333	0
12/28/2016	0	0.008333	0
1/30/2017	0	0.008333	0
3/1/2017	0	0.008333	0
3/28/2017	0	0.008333	0
4/28/2017	0	0.008333	0
5/29/2017	0	0.008333	0
6/28/2017	0	0.008333	0
7/28/2017	0	0.008333	0
8/28/2017	0	0.008333	0
9/28/2017	0	0.008333	0
10/30/2017	0	0.008333	0
11/28/2017	0	0.008333	0
12/28/2017	0	0.008333	0
1/29/2018	0	0.008333	0
2/28/2018	0	0.008333	0
3/28/2018	0	0.008333	0
4/30/2018	0	0.008333	0
5/28/2018	0	0.008333	0
6/28/2018	0	0.008333	0
7/30/2018	0	0.008333	0
8/28/2018	0	0.008333	0
9/28/2018	0	0.008333	0
10/29/2018	0	0.008333	0
11/28/2018	0	0.008333	0
12/28/2018	0	0.008333	0
1/28/2019	0	0.008333	0
2/28/2019	0	0.008333	0
3/28/2019	0	0.008333	0
4/29/2019	0	0.008333	0
5/28/2019	0	0.008333	0
6/28/2019	0	0.008333	0
7/29/2019	0	0.008333	0
8/28/2019	0	0.008333	0
9/30/2019	0	0.008333	0
10/28/2019	0	0.008333	0
11/28/2019	0	0.008333	0
12/30/2019	0	0.008333	0
1/28/2020	0	0.008333	0
2/28/2020	0	0.008333	0
3/30/2020	0	0.008333	0
4/28/2020	0	0.008333	0
5/28/2020	0	0.008333	0
6/29/2020	0	0.008333	0
7/28/2020	0	0.008333	0
8/28/2020	0	0.008333	0
9/28/2020	0	0.008333	0
10/28/2020	0	0.008333	0
11/30/2020	0	0.008333	0
12/28/2020	0	0.008333	0
1/28/2021	0	0.008333	0
3/1/2021	0	0.008333	0
3/29/2021	0	0.008333	0
4/28/2021	0	0.008333	0
5/28/2021	0	0.008333	0
6/28/2021	0	0.008333	0
7/28/2021	0	0.008333	0
8/30/2021	0	0.008333	0
9/28/2021	0	0.008333	0
10/28/2021	0	0.008333	0
11/29/2021	0	0.008333	0
12/28/2021	0	0.008333	0
1/28/2022	0	0.008333	0
3/2/2022	0	0.008333	0
3/28/2022	0	0.008333	0
4/28/2022	0	0.008333	0
5/30/2022	0	0.008333	0
6/28/2022	0	0.008333	0
7/28/2022	0	0.008333	0
8/29/2022	0	0.008333	0
9/28/2022	0	0.008333	0
10/28/2022	0	0.008333	0
11/28/2022	0	0.008333	0
12/28/2022	0	0.008333	0
1/30/2023	0	0.008333	0
2/28/2023	0	0.008333	0
3/28/2023	0	0.008333	0
4/28/2023	0	0.008333	0
5/29/2023	0	0.008333	0
6/28/2023	0	0.008333	0
7/28/2023	0	0.008333	0
8/28/2023	0	0.008333	0
9/28/2023	0	0.008333	0
10/30/2023	0	0.008333	0
11/28/2023	0	0.008333	0
12/28/2023	0	0.008333	0
1/29/2024	0	0.008333	0
2/28/2024	0	0.008333	0
3/28/2024	0	0.008333	0
4/29/2024	0	0.008333	0
5/28/2024	0	0.008333	0
6/28/2024	0	0.008333	0
7/29/2024	0	0.008333	0
8/28/2024	0	0.008333	0
9/30/2024	0	0.008333	0
10/28/2024	0	0.008333	0
11/28/2024	0	0.008333	0
12/30/2024	0	0.008333	0
1/28/2025	0	0.008333	0
2/28/2025	0	0.008333	0
3/28/2025	0	0.008333	0
4/28/2025	0	1.67059999999984E-02	0

